0 0.4325 0.2979591836734694 0.05 0.0816326530612245
0 0.51375 0.43673469387755104 0.0325 0.08979591836734695
1 0.06875 0.43061224489795924 0.0725 0.11020408163265308
1 0.04875 0.5510204081632654 0.0725 0.08979591836734695
1 0.16625 0.5102040816326531 0.0425 0.1142857142857143
1 0.16 0.42244897959183675 0.06 0.05306122448979592
1 0.21125 0.3775510204081633 0.0325 0.10204081632653061
1 0.20625000000000002 0.2571428571428572 0.0525 0.07346938775510205
1 0.06875 0.27142857142857146 0.0475 0.07755102040816328
1 0.2025 0.11836734693877551 0.04 0.10612244897959185
1 0.11625 0.10204081632653061 0.0375 0.08979591836734695
1 0.16125 0.6714285714285715 0.0675 0.1346938775510204
1 0.035 0.6612244897959184 0.055 0.12244897959183675
1 0.13625 0.8836734693877552 0.0675 0.11020408163265308
1 0.22375 0.06326530612244899 0.0525 0.05306122448979592
1 0.4875 0.916326530612245 0.045 0.10204081632653061
1 0.64625 0.9244897959183674 0.0425 0.07755102040816328
1 0.6012500000000001 0.7122448979591838 0.0275 0.08571428571428572
1 0.47750000000000004 0.6387755102040817 0.055 0.09387755102040818
1 0.43375 0.5775510204081633 0.0525 0.09387755102040818
1 0.45125 0.46326530612244904 0.0525 0.08571428571428572
1 0.45 0.38367346938775515 0.04 0.0816326530612245
1 0.465 0.2 0.03 0.05714285714285715
1 0.4475 0.14489795918367349 0.045 0.05306122448979592
1 0.54125 0.22653061224489798 0.0375 0.06938775510204082
1 0.59 0.24081632653061227 0.03 0.0816326530612245
1 0.5625 0.35510204081632657 0.035 0.0653061224489796
1 0.5525 0.48163265306122455 0.035 0.10612244897959185
1 0.65125 0.5285714285714286 0.0375 0.08571428571428572
1 0.63875 0.7102040816326531 0.0325 0.0816326530612245
1 0.76875 0.7938775510204082 0.0375 0.09387755102040818
1 0.73375 0.653061224489796 0.0525 0.0979591836734694
1 0.74 0.5224489795918368 0.05 0.0816326530612245
1 0.7275 0.41836734693877553 0.06 0.07755102040816328
1 0.64 0.326530612244898 0.055 0.05714285714285715
1 0.70625 0.27755102040816326 0.0575 0.07346938775510205
1 0.6375000000000001 0.2469387755102041 0.045 0.08571428571428572
1 0.6175 0.1510204081632653 0.055 0.0816326530612245
1 0.59 0.1 0.04 0.06938775510204082
1 0.71625 0.1673469387755102 0.0475 0.1142857142857143
1 0.6525 0.04693877551020409 0.035 0.06938775510204082
0 0.52125 0.08979591836734695 0.0525 0.07346938775510205
