0 0.33875 0.8300000000000001 0.0625 0.13333333333333333
0 0.4925 0.8566666666666667 0.075 0.18666666666666668
0 0.55125 0.675 0.0775 0.15000000000000002
0 0.6725 0.6333333333333334 0.08 0.12666666666666668
0 0.80625 0.75 0.0825 0.15333333333333335
0 0.41250000000000003 0.63 0.095 0.13333333333333333
0 0.2425 0.5733333333333334 0.08 0.11333333333333334
0 0.185 0.5583333333333333 0.065 0.14333333333333334
0 0.11750000000000001 0.5583333333333333 0.09 0.08333333333333334
0 0.2175 0.8033333333333333 0.065 0.16666666666666669
0 0.0925 0.8133333333333334 0.115 0.17333333333333334
0 0.1 0.19166666666666668 0.04 0.09000000000000001
0 0.12625 0.38333333333333336 0.0575 0.1
0 0.045 0.36833333333333335 0.065 0.11666666666666667
0 0.26875 0.41833333333333333 0.0525 0.09666666666666668
0 0.34125 0.4166666666666667 0.0825 0.14
0 0.47375 0.4766666666666667 0.0475 0.12666666666666668
0 0.58 0.5116666666666667 0.065 0.15666666666666668
0 0.7225 0.32333333333333336 0.045 0.14666666666666667
0 0.80625 0.315 0.0475 0.12333333333333334
0 0.885 0.2 0.065 0.05333333333333334
0 0.95875 0.33 0.0475 0.13333333333333333
0 0.65125 0.2833333333333333 0.0675 0.13333333333333333
0 0.5325 0.23333333333333334 0.07 0.10666666666666667
0 0.47375 0.25333333333333335 0.0375 0.10666666666666667
0 0.38 0.20500000000000002 0.05 0.09000000000000001
0 0.28500000000000003 0.2016666666666667 0.04 0.09666666666666668
0 0.18 0.18833333333333335 0.03 0.08333333333333334
0 0.2175 0.135 0.06 0.09000000000000001
0 0.11125 0.09000000000000001 0.0425 0.08
0 0.38125000000000003 0.05666666666666667 0.0425 0.07333333333333333
0 0.28625 0.04 0.0625 0.06666666666666667
0 0.44875 0.05 0.0325 0.06666666666666667
0 0.51625 0.055 0.0575 0.05
0 0.48625 0.13 0.0625 0.1
0 0.5650000000000001 0.14333333333333334 0.04 0.08
0 0.64375 0.060000000000000005 0.0475 0.07333333333333333
0 0.73625 0.06166666666666667 0.0625 0.09666666666666668
0 0.81125 0.060000000000000005 0.0675 0.10666666666666667
0 0.68875 0.16333333333333333 0.0475 0.10666666666666667
0 0.7875 0.16833333333333333 0.045 0.11
