0 0.09875 0.5631067961165048 0.1125 0.24271844660194172
0 0.0575 0.2645631067961165 0.07 0.21844660194174756
0 0.30875 0.5752427184466019 0.1225 0.2961165048543689
0 0.43625 0.8470873786407767 0.1275 0.3058252427184466
0 0.275 0.8592233009708737 0.125 0.2233009708737864
0 0.41000000000000003 0.34466019417475724 0.075 0.24271844660194172
0 0.34750000000000003 0.19417475728155337 0.135 0.2233009708737864
0 0.50125 0.3422330097087378 0.14250000000000002 0.22815533980582522
0 0.6175 0.5436893203883495 0.135 0.23300970873786406
0 0.7925 0.6504854368932038 0.155 0.2621359223300971
0 0.73 0.3519417475728155 0.125 0.2766990291262136
0 0.8375 0.3519417475728155 0.085 0.19902912621359223
0 0.93125 0.4320388349514563 0.0925 0.2621359223300971
0 0.1325 0.10922330097087378 0.115 0.13106796116504854
0 0.6675 0.10436893203883495 0.09 0.15048543689320387
0 0.6175 0.2815533980582524 0.12 0.23300970873786406
0 0.9087500000000001 0.17233009708737862 0.10250000000000001 0.24757281553398056
