0 0.5025000000000001 0.2822222222222222 0.115 0.15555555555555556
0 0.58125 0.7755555555555556 0.08750000000000001 0.16444444444444445
0 0.525 0.6888888888888889 0.09 0.17777777777777778
0 0.38375000000000004 0.8977777777777778 0.0975 0.1688888888888889
0 0.13625 0.7311111111111112 0.1075 0.19111111111111112
0 0.051250000000000004 0.8311111111111111 0.0675 0.24
0 0.0925 0.20444444444444446 0.07 0.12444444444444444
0 0.26875 0.10444444444444445 0.0825 0.13777777777777778
0 0.47875 0.11777777777777777 0.10250000000000001 0.15555555555555556
0 0.28 0.3933333333333333 0.08 0.19111111111111112
0 0.9450000000000001 0.56 0.085 0.20444444444444446
0 0.6425 0.3933333333333333 0.075 0.17333333333333334
0 0.66 0.09777777777777778 0.085 0.16
0 0.75 0.10888888888888888 0.085 0.14666666666666667
0 0.89875 0.19777777777777777 0.1275 0.19111111111111112
0 0.18875 0.6288888888888889 0.08750000000000001 0.1288888888888889
1 0.10375000000000001 0.35555555555555557 0.08750000000000001 0.19555555555555557
