0 0.31125 0.48163265306122455 0.1775 0.2612244897959184
0 0.13375 0.7693877551020409 0.1125 0.20816326530612247
0 0.055 0.826530612244898 0.1 0.27346938775510204
0 0.36375 0.8673469387755103 0.1325 0.20816326530612247
0 0.5675 0.826530612244898 0.16 0.1836734693877551
0 0.495 0.7020408163265307 0.145 0.23673469387755103
0 0.91 0.6040816326530613 0.17 0.17142857142857143
0 0.7425 0.2653061224489796 0.085 0.1795918367346939
0 0.65625 0.263265306122449 0.1375 0.20816326530612247
0 0.29875 0.08979591836734695 0.1925 0.1306122448979592
0 0.25125000000000003 0.28163265306122454 0.1575 0.22040816326530616
0 0.81125 0.0836734693877551 0.1225 0.11836734693877551
0 0.8200000000000001 0.18775510204081636 0.12 0.1795918367346939
0 0.86875 0.3122448979591837 0.14250000000000002 0.20816326530612247
0 0.07 0.32448979591836735 0.09 0.1510204081632653
1 0.12125 0.44897959183673475 0.1825 0.17142857142857143
