0 0.6475 0.827338129496403 0.075 0.1366906474820144
0 0.73875 0.8920863309352518 0.10250000000000001 0.11510791366906475
0 0.55875 0.8830935251798562 0.0825 0.12589928057553956
0 0.41375 0.9154676258992807 0.1325 0.10431654676258993
0 0.32625 0.7841726618705036 0.0925 0.10071942446043167
0 0.26375 0.9190647482014389 0.0775 0.13309352517985612
0 0.255 0.6079136690647482 0.07 0.12949640287769784
0 0.40625 0.683453237410072 0.10250000000000001 0.11510791366906475
0 0.47250000000000003 0.5845323741007195 0.09 0.11151079136690648
0 0.70375 0.5629496402877698 0.1225 0.11151079136690648
0 0.89875 0.802158273381295 0.08750000000000001 0.1366906474820144
0 0.51875 0.4496402877697842 0.0575 0.07913669064748202
0 0.44 0.4262589928057554 0.07 0.08992805755395684
0 0.3625 0.4694244604316547 0.075 0.11870503597122303
0 0.075 0.4676258992805756 0.055 0.11510791366906475
0 0.14 0.4712230215827338 0.045 0.10071942446043167
0 0.83125 0.3165467625899281 0.10250000000000001 0.1223021582733813
0 0.94875 0.6151079136690648 0.0925 0.10791366906474821
0 0.595 0.5467625899280576 0.1 0.1366906474820144
0 0.46 0.33992805755395683 0.12 0.09712230215827339
0 0.5375 0.3597122302158274 0.06 0.09352517985611511
0 0.55125 0.3075539568345324 0.0475 0.10431654676258993
0 0.35625 0.28776978417266186 0.10250000000000001 0.07194244604316546
0 0.33625 0.36330935251798563 0.0625 0.07913669064748202
1 0.29125 0.4442446043165468 0.0625 0.11151079136690648
1 0.11875000000000001 0.564748201438849 0.0825 0.09352517985611511
1 0.1475 0.6241007194244604 0.085 0.11870503597122303
