0 0.5337500000000001 0.47191011235955055 0.0675 0.1797752808988764
0 0.62625 0.5898876404494382 0.14250000000000002 0.20599250936329588
0 0.37375 0.5674157303370787 0.14250000000000002 0.2209737827715356
0 0.1575 0.47752808988764045 0.13 0.21348314606741572
0 0.21375 0.15917602996254682 0.1125 0.23595505617977527
0 0.06375 0.1760299625468165 0.1075 0.1947565543071161
0 0.31625000000000003 0.19850187265917604 0.11750000000000001 0.17228464419475656
0 0.46 0.20786516853932585 0.11 0.14606741573033707
0 0.395 0.23782771535580524 0.105 0.1760299625468165
0 0.71125 0.20411985018726592 0.0925 0.19850187265917604
0 0.86 0.2808988764044944 0.11 0.20973782771535582
0 0.89625 0.5355805243445693 0.0925 0.1947565543071161
0 0.77875 0.5973782771535581 0.1525 0.22846441947565543
