0 0.11875000000000001 0.2730923694779116 0.10250000000000001 0.2570281124497992
0 0.06125 0.2710843373493976 0.0725 0.17269076305220882
0 0.31375000000000003 0.285140562248996 0.0625 0.18473895582329317
0 0.28250000000000003 0.1285140562248996 0.06 0.1686746987951807
0 0.3425 0.17670682730923692 0.05 0.10441767068273092
0 0.37 0.28112449799196787 0.09 0.14457831325301204
0 0.44125000000000003 0.20281124497991965 0.0625 0.14056224899598393
0 0.5025000000000001 0.2911646586345381 0.06 0.14859437751004015
0 0.5575 0.2188755020080321 0.08 0.14056224899598393
0 0.7000000000000001 0.26305220883534136 0.075 0.17269076305220882
0 0.8275 0.2369477911646586 0.085 0.19277108433734938
0 0.94125 0.22088353413654616 0.0625 0.15261044176706826
0 0.5 0.12650602409638553 0.06 0.10843373493975902
