0 0.305 0.22122302158273383 0.095 0.1474820143884892
0 0.55875 0.31115107913669066 0.0725 0.1474820143884892
0 0.6175 0.21043165467625902 0.08 0.12589928057553956
0 0.75125 0.23201438848920863 0.0675 0.11151079136690648
0 0.82375 0.32374100719424465 0.0675 0.12949640287769784
0 0.9025 0.24820143884892087 0.055 0.1366906474820144
0 0.03875 0.2194244604316547 0.0675 0.11510791366906475
0 0.105 0.28057553956834536 0.07 0.08633093525179857
0 0.24125 0.21402877697841727 0.0675 0.07553956834532374
0 0.47500000000000003 0.2535971223021583 0.06 0.12589928057553956
0 0.4 0.25719424460431656 0.065 0.12589928057553956
