0 0.5425 0.4812734082397004 0.055 0.1310861423220974
0 0.435 0.5580524344569289 0.1 0.1198501872659176
0 0.32375 0.48876404494382025 0.0725 0.12359550561797752
0 0.37125 0.7921348314606742 0.08750000000000001 0.1310861423220974
0 0.7075 0.7771535580524345 0.085 0.14606741573033707
0 0.94625 0.7284644194756554 0.0825 0.15355805243445694
0 0.80875 0.5580524344569289 0.0925 0.1198501872659176
0 0.88875 0.4700374531835206 0.0925 0.13857677902621723
0 0.76875 0.37265917602996257 0.1075 0.1310861423220974
0 0.64125 0.24719101123595505 0.0825 0.1198501872659176
0 0.555 0.19662921348314608 0.085 0.10112359550561797
0 0.5275 0.149812734082397 0.06 0.11235955056179775
0 0.59125 0.11423220973782772 0.0725 0.09363295880149813
0 0.8300000000000001 0.11797752808988764 0.09 0.13857677902621723
0 0.25375000000000003 0.3071161048689139 0.0675 0.12734082397003746
0 0.18 0.5898876404494382 0.13 0.15355805243445694
0 0.13125 0.7752808988764045 0.1075 0.1198501872659176
0 0.25375000000000003 0.8445692883895132 0.0725 0.14606741573033707
0 0.1575 0.9194756554307116 0.115 0.10112359550561797
0 0.11375 0.47752808988764045 0.1275 0.1310861423220974
0 0.0375 0.36704119850187267 0.075 0.11235955056179775
0 0.10125 0.4213483146067416 0.0675 0.10861423220973783
0 0.07125000000000001 0.21910112359550563 0.0975 0.14606741573033707
0 0.07375 0.301498127340824 0.0825 0.09363295880149813
0 0.14 0.149812734082397 0.065 0.0898876404494382
0 0.06125 0.06367041198501873 0.0675 0.08239700374531836
0 0.15375 0.05056179775280899 0.0825 0.07116104868913858
0 0.2725 0.1441947565543071 0.08 0.07116104868913858
0 0.28875 0.21910112359550563 0.0575 0.08614232209737828
0 0.31625000000000003 0.07677902621722847 0.0675 0.07865168539325842
0 0.585 0.38202247191011235 0.095 0.10486891385767791
0 0.96 0.3539325842696629 0.065 0.11610486891385768
0 0.42375 0.033707865168539325 0.0825 0.0449438202247191
1 0.9225 0.06928838951310862 0.085 0.10861423220973783
0 0.3525 0.3445692883895131 0.085 0.1198501872659176
