0 0.47750000000000004 0.18352059925093633 0.095 0.14232209737827717
0 0.845 0.149812734082397 0.07 0.20224719101123595
0 0.645 0.17790262172284643 0.06 0.10861423220973783
0 0.93 0.2883895131086142 0.085 0.149812734082397
0 0.11625 0.2565543071161049 0.0725 0.11610486891385768
1 0.2 0.2940074906367041 0.095 0.15355805243445694
1 0.0275 0.1797752808988764 0.05 0.11235955056179775
1 0.36625 0.2340823970037453 0.0475 0.10861423220973783
1 0.605 0.20037453183520598 0.045 0.07865168539325842
0 0.71375 0.28464419475655434 0.0525 0.0898876404494382
1 0.7225 0.15355805243445694 0.075 0.09737827715355805
