0 0.33625 0.2016666666666667 0.11750000000000001 0.24333333333333335
0 0.5387500000000001 0.6516666666666667 0.11750000000000001 0.23
0 0.80125 0.535 0.1775 0.23
0 0.545 0.43000000000000005 0.11 0.16666666666666669
0 0.47250000000000003 0.44 0.08 0.16666666666666669
0 0.50125 0.265 0.0525 0.11666666666666667
1 0.41375 0.29833333333333334 0.0725 0.08333333333333334
1 0.5750000000000001 0.3016666666666667 0.065 0.07666666666666667
1 0.06625 0.22333333333333336 0.1125 0.17333333333333334
1 0.9725 0.27666666666666667 0.03 0.07333333333333333
