0 0.68875 0.3764044943820225 0.1275 0.23595505617977527
0 0.5025000000000001 0.31835205992509363 0.13 0.21722846441947566
0 0.21875 0.8033707865168539 0.1575 0.2883895131086142
0 0.8225 0.4419475655430712 0.12 0.21722846441947566
1 0.0675 0.4400749063670412 0.105 0.22846441947565543
1 0.36125 0.5898876404494382 0.14250000000000002 0.2209737827715356
1 0.23875000000000002 0.10861423220973783 0.0925 0.15730337078651685
1 0.0925 0.12172284644194757 0.065 0.14606741573033707
1 0.63 0.11423220973782772 0.105 0.11610486891385768
1 0.7325 0.09363295880149813 0.06 0.10486891385767791
1 0.865 0.1254681647940075 0.075 0.12359550561797752
1 0.4375 0.12921348314606743 0.08 0.1310861423220974
0 0.9237500000000001 0.28651685393258425 0.10250000000000001 0.11610486891385768
