0 0.845 0.5955555555555555 0.195 0.4711111111111111
0 0.45875 0.6066666666666667 0.1075 0.19111111111111112
0 0.20500000000000002 0.43777777777777777 0.085 0.10222222222222223
0 0.4025 0.4311111111111111 0.075 0.18666666666666668
0 0.31875000000000003 0.48 0.0375 0.1511111111111111
0 0.095 0.5688888888888889 0.085 0.16
0 0.0425 0.43555555555555553 0.06 0.12444444444444444
0 0.59125 0.4688888888888889 0.0325 0.1111111111111111
0 0.645 0.39555555555555555 0.05 0.08888888888888889
0 0.69375 0.49777777777777776 0.0575 0.14222222222222222
0 0.26875 0.34 0.0625 0.10222222222222223
0 0.3275 0.36 0.04 0.044444444444444446
