0 0.92875 0.41379310344827586 0.1325 0.21455938697318006
0 0.6925 0.3620689655172414 0.115 0.2567049808429119
0 0.57875 0.34674329501915707 0.0775 0.21839080459770113
0 0.07 0.28735632183908044 0.13 0.19157088122605362
0 0.1825 0.23563218390804597 0.12 0.18773946360153257
0 0.2725 0.23946360153256704 0.065 0.08812260536398467
0 0.40625 0.23946360153256704 0.0825 0.18007662835249041
0 0.44375000000000003 0.22413793103448273 0.0625 0.09578544061302681
0 0.51125 0.2624521072796935 0.0575 0.18007662835249041
0 0.8025 0.1590038314176245 0.07 0.11877394636015325
0 0.80875 0.3103448275862069 0.0925 0.2222222222222222
