0 0.55375 0.3827433628318584 0.1925 0.3407079646017699
0 0.7375 0.7986725663716814 0.225 0.4026548672566372
0 0.26625 0.5730088495575221 0.2325 0.37610619469026546
0 0.09875 0.6482300884955752 0.1975 0.5
0 0.41375 0.5 0.0975 0.2743362831858407
0 0.65375 0.3938053097345133 0.1825 0.37168141592920356
0 0.77625 0.36283185840707965 0.14250000000000002 0.24778761061946902
0 0.93625 0.40486725663716816 0.1075 0.26991150442477874
0 0.91125 0.1747787610619469 0.10250000000000001 0.2610619469026549
1 0.3075 0.3407079646017699 0.125 0.19469026548672566
1 0.69375 0.13716814159292035 0.14250000000000002 0.1327433628318584
