0 0.1225 0.4737827715355805 0.18 0.35580524344569286
0 0.42625 0.6423220973782772 0.1625 0.3258426966292135
0 0.6675 0.7808988764044944 0.17 0.30337078651685395
0 0.82125 0.7247191011235955 0.1375 0.26591760299625467
0 0.5437500000000001 0.7865168539325843 0.0825 0.1947565543071161
0 0.46375 0.40262172284644193 0.0725 0.1310861423220974
0 0.655 0.4363295880149813 0.085 0.15355805243445694
0 0.7325 0.41198501872659177 0.095 0.149812734082397
0 0.515 0.36142322097378277 0.085 0.1310861423220974
0 0.5725 0.31647940074906367 0.065 0.10112359550561797
0 0.68375 0.1853932584269663 0.0475 0.08614232209737828
0 0.595 0.20973782771535582 0.065 0.10486891385767791
0 0.5275 0.19101123595505617 0.06 0.09737827715355805
0 0.735 0.1310861423220974 0.06 0.09737827715355805
