0 0.27875 0.6777777777777778 0.0675 0.1288888888888889
0 0.39375 0.6777777777777778 0.0325 0.1288888888888889
0 0.5 0.6444444444444445 0.09 0.10666666666666666
0 0.62375 0.5577777777777778 0.08750000000000001 0.10222222222222223
0 0.7312500000000001 0.6066666666666667 0.0725 0.07555555555555556
0 0.63625 0.8644444444444445 0.0575 0.12
0 0.42125 0.82 0.0825 0.07555555555555556
0 0.34750000000000003 0.9 0.1 0.15555555555555556
0 0.68125 0.9622222222222222 0.0825 0.10222222222222223
0 0.9575 0.9155555555555556 0.05 0.12444444444444444
0 0.97875 0.8733333333333333 0.0525 0.13777777777777778
0 0.975 0.6555555555555556 0.06 0.16444444444444445
0 0.97375 0.5644444444444444 0.0675 0.11555555555555555
0 0.8525 0.2866666666666667 0.045 0.08444444444444445
0 0.80625 0.18888888888888888 0.0475 0.1111111111111111
0 0.8875000000000001 0.24 0.07 0.08
0 0.47250000000000003 0.30666666666666664 0.045 0.08888888888888889
0 0.55625 0.37333333333333335 0.0675 0.08888888888888889
0 0.36625 0.35777777777777775 0.0975 0.13777777777777778
0 0.4675 0.4311111111111111 0.055 0.08888888888888889
0 0.37375 0.47555555555555556 0.0775 0.10666666666666666
0 0.74875 0.47333333333333333 0.0725 0.08444444444444445
0 0.76375 0.4 0.0525 0.10666666666666666
0 0.37875000000000003 0.2777777777777778 0.0525 0.1111111111111111
0 0.14250000000000002 0.37777777777777777 0.06 0.13333333333333333
0 0.145 0.5066666666666667 0.075 0.08888888888888889
0 0.06875 0.4822222222222222 0.0725 0.14666666666666667
0 0.26875 0.3888888888888889 0.0475 0.07555555555555556
0 0.02625 0.5266666666666666 0.0525 0.12
1 0.11375 0.6222222222222222 0.0525 0.08888888888888889
1 0.17500000000000002 0.6977777777777778 0.05 0.10666666666666666
1 0.2975 0.49333333333333335 0.065 0.13333333333333333
