0 0.35000000000000003 0.44863013698630133 0.155 0.2054794520547945
0 0.12125 0.5154109589041096 0.1275 0.1952054794520548
0 0.0525 0.3544520547945205 0.07 0.1541095890410959
0 0.80125 0.5188356164383562 0.1975 0.3047945205479452
0 0.67875 0.625 0.14250000000000002 0.3047945205479452
0 0.5650000000000001 0.4383561643835616 0.105 0.1917808219178082
0 0.67375 0.3356164383561644 0.10250000000000001 0.19863013698630136
0 0.8250000000000001 0.22602739726027396 0.105 0.18493150684931506
0 0.935 0.4400684931506849 0.1 0.2089041095890411
0 0.35875 0.14554794520547945 0.0925 0.10616438356164383
0 0.2325 0.21575342465753422 0.1 0.11643835616438356
0 0.23750000000000002 0.3972602739726027 0.11 0.1917808219178082
