0 0.09125 0.24778761061946902 0.0825 0.20353982300884954
0 0.16625 0.31194690265486724 0.0675 0.13716814159292035
0 0.34750000000000003 0.30309734513274333 0.085 0.13716814159292035
0 0.45625 0.5110619469026548 0.0625 0.12831858407079647
0 0.7225 0.3738938053097345 0.12 0.19911504424778761
0 0.5650000000000001 0.24336283185840707 0.07 0.1327433628318584
0 0.48375 0.2809734513274336 0.0275 0.10176991150442477
0 0.40750000000000003 0.27654867256637167 0.08 0.10176991150442477
0 0.88 0.22787610619469026 0.045 0.10176991150442477
0 0.9375 0.26327433628318586 0.085 0.11061946902654868
0 0.76375 0.21902654867256638 0.0725 0.09292035398230089
