0 0.46125 0.5428571428571429 0.1275 0.3238095238095238
0 0.875 0.6047619047619048 0.165 0.36190476190476195
1 0.605 0.65 0.115 0.37619047619047624
1 0.635 0.45000000000000007 0.09 0.3380952380952381
1 0.19875 0.6238095238095238 0.1075 0.29523809523809524
1 0.33125 0.5285714285714286 0.0775 0.31428571428571433
1 0.19375 0.37380952380952387 0.10250000000000001 0.24285714285714288
1 0.1275 0.2571428571428572 0.08 0.1904761904761905
1 0.23875000000000002 0.2547619047619048 0.0825 0.24285714285714288
1 0.5375 0.3190476190476191 0.06 0.21904761904761907
1 0.6975 0.12619047619047621 0.085 0.15714285714285717
