0 0.075 0.2602996254681648 0.065 0.10861423220973783
0 0.1625 0.3146067415730337 0.09 0.09737827715355805
0 0.265 0.24157303370786518 0.085 0.11610486891385768
0 0.405 0.21722846441947566 0.06 0.12734082397003746
0 0.39625 0.35580524344569286 0.08750000000000001 0.149812734082397
0 0.54 0.1891385767790262 0.07 0.12359550561797752
0 0.70375 0.2808988764044944 0.0625 0.14232209737827717
0 0.83625 0.27340823970037453 0.0425 0.1198501872659176
0 0.89625 0.301498127340824 0.0775 0.14606741573033707
0 0.5962500000000001 0.20037453183520598 0.0575 0.10861423220973783
