0 0.45125 0.27990430622009566 0.0825 0.16746411483253587
0 0.56875 0.23684210526315788 0.0475 0.13875598086124402
0 0.6625 0.32296650717703346 0.07 0.20574162679425836
0 0.74 0.3038277511961722 0.055 0.19617224880382775
0 0.83125 0.3373205741626794 0.0825 0.16746411483253587
0 0.94625 0.29904306220095694 0.0825 0.14832535885167464
0 0.35000000000000003 0.2583732057416268 0.095 0.14354066985645933
0 0.275 0.1985645933014354 0.085 0.16746411483253587
0 0.21625 0.284688995215311 0.1275 0.13875598086124402
0 0.14875 0.2966507177033493 0.1225 0.15311004784688995
0 0.043750000000000004 0.2727272727272727 0.0825 0.15311004784688995
